0.424390
0.802020
0.522879
0.819456
0.477905
0.821243
0.476047
0.824926
0.477565
0.828191
0.479421
0.825990
0.474552
0.824657
0.480192
0.826677
0.480977
0.827386
0.483451
0.820126
0.476353
0.826513
0.475034
0.822502
0.477427
0.825945
0.475469
0.826529
0.482254
0.823927
0.476961
0.819313
0.480685
0.818850
0.475047
0.819899
0.478933
0.825327
0.482988
0.823588
0.474915
0.821742
0.480843
0.826467
0.477319
0.823582
0.482611
0.824555
0.479791
0.821912
0.478544
0.826543
0.477859
0.823229
0.478105
0.825399
0.480105
0.825121
0.479338
0.822588
0.479202
0.819269
0.478537
0.828294
0.482234
0.825893
0.482084
0.826169
0.482860
0.826305
0.484214
0.819717
0.478388
0.823524
0.477008
0.818973
0.484171
0.825868
0.475907
0.820082
0.481475
0.822413
0.475191
0.822712
0.475857
0.826592
0.483730
0.818650
0.480927
0.825389
0.476963
0.827035
0.477367
0.818872
0.475360
0.826582
0.481541
0.826437
0.480666
0.826857
0.474777
0.822658
0.476924
0.823412
0.483235
0.821410
0.480418
0.818866
0.475979
0.826942
0.476376
0.826901
0.477808
0.825314
0.474951
0.825946
0.479422
0.828036
0.477325
0.822369
0.475565
0.828252
0.478752
0.819449
0.481594
0.823671
0.477708
0.826139
0.482787
0.821140
0.479771
0.822955
0.476004
0.824608
0.483802
0.819681
0.483427
0.824108
0.478701
0.820127
0.476902
0.823077
0.479755
0.822150
0.482158
0.827420
0.481768
0.822668
0.480469
0.825014
0.475702
0.823565
0.477532
0.824389
0.483863
0.822873
0.474758
0.827898
0.483677
0.822186
0.477027
0.826472
0.479543
0.824229
0.481275
0.819527
0.483153
0.828033
0.475393
0.827062
0.483521
0.818717
0.479664
0.825107
0.478278
0.825096
0.482056
0.824360
0.480746
0.821385
0.482825
0.822872
0.480743
0.826938
0.477129
0.822611
0.479970
0.823042
0.475331
0.826047
0.474753
0.822901
0.474800
0.828361
0.479650
0.827700
0.478259
0.827448
0.476977
0.827694
0.483373
0.822588
0.480677
0.824279
0.483372
0.820745
0.474466
0.827409
0.476778
0.821052
0.480836
0.821649
0.482683
0.827440
0.483881
0.822511
0.482440
0.820174
0.480679
0.825593
0.475286
0.823915
0.483313
0.821240
0.476775
0.827000
0.479382
0.820127
0.476735
0.825183
0.480057
0.821522
0.480650
0.825762
0.477234
0.822726
0.478049
0.826417
0.475782
0.827624
0.477323
0.823599
0.482263
0.825374
0.475925
0.825569
0.475717
0.828063
0.483291
0.823753
0.481221
0.828371
0.475682
0.826126
0.482698
0.826418
0.476336
0.822890
0.474572
0.821856
0.475774
0.823108
0.480150
0.826524
0.478624
0.823929
0.483684
0.827594
0.479875
0.827615
0.474945
0.826689
0.477776
0.820890
0.482651
0.822086
0.476082
0.818885
0.483981
0.825406
0.483033
0.827994
0.481229
0.827778
0.476994
0.827459
0.483627
0.821604
0.475161
0.826277
0.475277
0.825891
0.478906
0.825116
0.476122
0.823918
0.480765
0.818744
0.479131
0.827467
0.475567
0.823029
0.481022
0.821551
0.483931
0.825546
0.476495
0.824151
0.483220
0.824182
0.481950
0.827552
0.482845
0.819912
0.476319
0.820140
0.474716
0.818694
0.480392
0.824694
0.483616
0.825939
0.477438
0.823559
0.477009
0.825932
0.475595
0.826064
0.482525
0.826056
0.477798
0.824447
0.479117
0.819476
0.482714
0.825463
0.477100
0.828298
0.476265
0.821603
0.478539
0.820968
0.476378
0.825657
0.476233
0.823827
0.477389
0.823231
0.483679
0.820762
0.474437
0.827669
0.481227
0.823753
0.479648
0.819632
0.484396
0.822193
0.480679
0.822537
0.474504
0.824056
0.479518
0.821071
0.474881
0.827021
0.474910
0.821766
0.482261
0.828327
0.480292
0.826384
0.481704
0.825113
0.481073
0.827991
0.479778
0.822588
0.481132
0.823009
0.475756
0.822995
0.479903
0.822555
0.478410
0.826117
0.479651
0.823508
0.475314
0.821112
0.478903
0.824983
0.481521
0.828529
0.483749
0.819526
0.483962
0.820231
0.484132
0.824573
0.476829
0.819306
0.477427
0.826739
0.475194
0.822148
0.475747
0.820185
0.475048
0.825622
0.475292
0.824771
0.476165
0.825117
0.479414
0.821448
0.482733
0.826787
0.483809
0.818607
0.480831
0.818677
0.475491
0.819671
0.478098
0.820999
0.477888
0.821099
0.478298
0.822814
0.480828
0.826479
0.477127
0.827043
0.481832
0.826864
0.476249
0.819258
0.480531
0.825619
0.475543
0.819562
0.480405
0.826726
0.482573
0.819498
0.481740
0.827642
0.478949
0.819310
0.476840
0.825922
0.474832
0.822849
0.479829
0.828142
0.476516
0.819767
0.480889
0.819687
0.484262
0.821087
0.480491
0.826770
0.482728
0.823494
0.482034
0.827754
0.483437
0.820746
0.479898
0.826450
0.476371
0.826072
0.479183
0.824436
0.477033
0.819452
0.477408
0.827775
0.479132
0.821298
0.482057
0.826325
0.474640
0.827403
0.482409
0.821845
0.481117
0.821566
0.483727
0.821423
0.476116
0.826055
0.479198
0.825138
0.484093
0.821734
0.475191
0.826517
